I1 = [3 -0.1 -0.2 7.85];
I2 = [0.1 7 -0.3 -19.3];
I3 = [0.3 -0.2 10 71.4];
AC = [I1; I2; I3];

I2 = I2 - I1 * I2(1) / I1(1);
I3 = I3 - I1 * I3(1) / I1(1);
AC = [I1; I2; I3]

I3 = I3 - I2 * I3(2) / I2(2);
AC = [I1; I2; I3]

x3 = I3(4) / I3(3)
x2 = (I2(4) - I2(3) * x3) / I2(2)
x1 = (I1(4) - I1(3) * x3 - I1(2) * x2) / I1(1)
