2-letter combinations percentages:
AA: 10.41%
AT: 8.69%
AC: 4.59%
AG: 6.46%
TA: 5.38%
TT: 7.25%
TC: 5.53%
TG: 8.90%
CA: 7.82%
CT: 4.88%
CC: 3.95%
CG: 1.58%
GA: 6.46%
GT: 6.32%
GC: 4.16%
GG: 7.54%

Total sum of 2-letter combination percentages: 99.92821249102656
3-letter combinations percentages:
AAA: 3.23%
AAT: 3.73%
AAC: 1.51%
AAG: 1.94%
ATA: 2.30%
ATT: 2.08%
ATC: 1.36%
ATG: 2.94%
ACA: 1.72%
ACT: 1.15%
ACC: 1.22%
ACG: 0.50%
AGA: 1.58%
AGT: 1.65%
AGC: 1.72%
AGG: 1.51%
TAA: 2.15%
TAT: 1.44%
TAC: 0.79%
TAG: 1.01%
TTA: 1.01%
TTT: 1.87%
TTC: 2.01%
TTG: 2.37%
TCA: 2.15%
TCT: 1.58%
TCC: 1.15%
TCG: 0.65%
TGA: 2.23%
TGT: 2.08%
TGC: 1.15%
TGG: 3.45%
CAA: 2.80%
CAT: 1.79%
CAC: 0.93%
CAG: 2.30%
CTA: 0.86%
CTT: 1.15%
CTC: 1.01%
CTG: 1.79%
CCA: 1.79%
CCT: 1.36%
CCC: 0.65%
CCG: 0.14%
CGA: 0.50%
CGT: 0.36%
CGC: 0.14%
CGG: 0.57%
GAA: 2.23%
GAT: 1.72%
GAC: 1.36%
GAG: 1.15%
GTA: 1.22%
GTT: 2.15%
GTC: 1.15%
GTG: 1.79%
GCA: 2.15%
GCT: 0.79%
GCC: 0.93%
GCG: 0.29%
GGA: 2.15%
GGT: 2.23%
GGC: 1.15%
GGG: 2.01%
Total sum of 3-letter combination percentages: 99.85642498205313